0.053439 0.007915 -0.011737 45 -90 180
0.037824 -0.006841 -0.010912 45 -90 180
0.022331 -0.022098 -0.010298 45 -90 180
0.006891 -0.036845 -0.009804 45 -90 180
0.053312 0.008456 0.005736 45 -90 180
0.037709 -0.006228 0.006011 45 -90 180
0.022469 -0.020672 0.006437 45 -90 180
0.006574 -0.035548 0.006703 45 -90 180
-0.052155 0.01006 0.002044 -45 -90 0
-0.037241 -0.005104 0.003373 -45 -90 0
-0.022234 -0.020081 0.004498 -45 -90 0
-0.007187 -0.035208 0.005702 -45 -90 0
-0.054586 0.008727 -0.013916 -45 -90 0
-0.039719 -0.006496 -0.012661 -45 -90 0
-0.024999 -0.021522 -0.011683 -45 -90 0
-0.010302 -0.036679 -0.010221 -45 -90 0