0.029464 0.020828 -0.042926 55 -90 180
0.037592 0.032004 -0.042926 55 -90 180
0.04572 0.043688 -0.042926 55 -90 180
0.053594 0.055118 -0.042926 55 -90 180
0.029464 0.020828 -0.019304 55 -90 180
0.037592 0.032004 -0.019304 55 -90 180
0.04572 0.043688 -0.019304 55 -90 180
0.053594 0.055118 -0.019304 55 -90 180
-0.029464 0.020828 -0.018288 -55 -90 0
-0.037592 0.032004 -0.018288 -55 -90 0
-0.04572 0.043688 -0.018288 -55 -90 0
-0.053594 0.055118 -0.018288 -55 -90 0
-0.029464 0.020828 -0.04191 -55 -90 0
-0.037592 0.032004 -0.04191 -55 -90 0
-0.04572 0.043688 -0.04191 -55 -90 0
-0.053594 0.055118 -0.04191 -55 -90 0
0.008636 0.021844 -0.07874 0 -35 0
0.008636 0.033274 -0.086614 0 -35 0
0.008636 0.044704 -0.094742 0 -35 0
0.008636 0.056134 -0.10262 0 -35 0
-0.008636 0.021844 -0.07874 0 -35 0
-0.008636 0.033274 -0.086614 0 -35 0
-0.008636 0.044704 -0.094742 0 -35 0
-0.008636 0.056134 -0.10262 0 -35 0