4393.69 5446.5 -3583.52
-6583.15 -2760.97 -4867.43
7054.89 -1067.49 -3796.79
239.62 -4203.05 -4083.06
6700.99 6170.84 -1002.22
4221.53 1899.97 -8405.54
-4909.7 -3239.35 -3100.33
-2805.41 -3707.05 -1953.31
-5194.05 3375.55 6750.15
-5081.31 -12108.5 7277.43
-8553.13 3844.69 2372.98
-9498.58 -702.596 4035.72
1239.66 2615.35 2645.56
-9963.91 2452.77 5149.15
-6881.02 5828.87 2499.81
-3285.61 -1512.5 -3.63385
8250.26 -8142.48 6280.1
5402.72 -2890.58 -1877.63
10503.7 2307.38 -5642.17
10266.9 -6029.75 -2618.53
1160.63 -787.972 -6809.53
8827.45 7678 3160.11
2168.15 -3649.29 -562.87
8428.94 -6000.9 -3711.43
