411.009 1216.82 419.417
424.105 1001.41 175.599
568.499 1071.71 495.094
333.013 1016.74 -676.059
420.577 1189.56 753.943
476.834 838.808 -272.196
261.042 1210.79 1084.97
529.816 1171.57 526.691
210 -1312.97 18.466
227.575 -1311.13 -376.912
591.943 -1336.75 -566.738
-35.533 -1179.84 304.779
431.136 -1098.21 926.791
282.387 -1186.28 16.608
275.349 -1333.84 -7.222
202.581 -1117.94 983.307
1096.36 -166.194 -1052.57
1218.21 -128.456 -227.027
1015.99 -247.341 -1220.48
1154.4 46.737 -337.266
1142.03 -200.905 -868.558
1250.4 96.182 -1056.47
567.859 148.06 -181.725
1185.17 -20.647 -1247.5
