-1435.65 1559.11 11.8873
-1274.87 1331.46 2008.76
-93.6382 858.76 -1842.33
-1150.64 1651.3 191.68
-1924.26 1617.54 -1705.52
-1268.19 2070.5 -2392.52
-547.981 1573.47 -1849.47
-991.378 1614.38 -3341.88
-1933.63 -1418.51 -1285.26
-1914.72 -1165.36 -690.855
-1590.54 -1691.75 -561.437
-1348.91 -1550.51 373.089
-1906.54 -1390.22 -912.693
-1790.27 -2325.14 -2408.33
-1578.97 -2174.18 -973.265
-1255.1 -1240.11 209.237
-934.396 238.515 -1517.77
-412.778 -277.741 -926.041
-488.49 228.273 -1426.74
-415.879 -286.509 -1054.86
-698.122 -351.922 -2420.99
163.184 -407.683 -2695.35
-384.046 282.965 -446.109
49.109 -660.648 -2940
